direction: 0*x+1*y+0=0
0.00000 0.00000
0.03333 0.07611
0.06667 0.36491
0.10000 0.83327
0.13333 1.49680
0.16667 2.31707
0.20000 3.22879
0.23333 4.20800
0.26667 5.29619
0.30000 6.44213
0.33333 7.64300
0.36667 8.46120
0.40000 9.15857
0.43333 9.78363
0.46667 10.31494
0.50000 37.42404
0.53333 10.29515
0.56667 9.85196
0.60000 9.17049
0.63333 8.45656
0.66667 7.64455
0.70000 6.45097
0.73333 5.29523
0.76667 4.22105
0.80000 3.20831
0.83333 2.32660
0.86667 1.49405
0.90000 0.81724
0.93333 0.35676
0.96667 0.08467
1.00000 0.00000
direction: 1*x+0*y+0=0
0.00000 0.00000
0.03333 2.43567
0.06667 10.29780
0.10000 16.86093
0.13333 23.09384
0.16667 22.07900
0.20000 27.85418
0.23333 22.91815
0.26667 20.08500
0.30000 21.17139
0.33333 25.26863
0.36667 30.26320
0.40000 34.01599
0.43333 35.51948
0.46667 38.55985
0.50000 37.48057
0.53333 38.60518
0.56667 35.52717
0.60000 34.00386
0.63333 30.26942
0.66667 25.33293
0.70000 21.20501
0.73333 20.18177
0.76667 22.92349
0.80000 28.08086
0.83333 22.06828
0.86667 23.20299
0.90000 16.93220
0.93333 10.48921
0.96667 2.44742
1.00000 0.00000
direction: -1*x+1*y+0=0
0.00000 0.00000
0.03333 2.40844
0.06667 8.54487
0.10000 16.94202
0.13333 28.35702
0.16667 25.01215
0.20000 16.23691
0.23333 15.06700
0.26667 15.17947
0.30000 16.24155
0.33333 25.33261
0.36667 28.28661
0.40000 17.21810
0.43333 8.54649
0.46667 2.42350
0.50000 -0.00991
0.53333 2.40808
0.56667 8.56588
0.60000 17.69539
0.63333 28.28812
0.66667 25.35142
0.70000 16.22824
0.73333 15.02074
0.76667 15.04749
0.80000 16.22876
0.83333 25.31819
0.86667 28.43034
0.90000 17.24145
0.93333 8.52448
0.96667 2.43069
1.00000 0.00000
